Define CharList
 ( 'a', 'b', 'c', 'd', 'e', 'f', 'g', 'h', 'i', 'j', 'k', 'l', 'm', 'n', 'o', 'p',
   'q', 'r', 's', 't', 'u', 'v', 'w', 'x', 'y', 'z','\\', 'n', 'A', 'B', 'C', 'D',
   'E', 'F', 'G', 'H', 'I', 'J', 'K', 'L', 'M', 'N', 'O', 'P', 'Q', 'R', 'S', 'T',
   'U', 'V', 'W', 'X', 'Y', 'Z','\\', 'n', '`', '1', '2', '3', '4', '5', '6', '7',
   '8', '9', '0', '-', '=', '!', '@', '#', '$', '%', '^', '&', '*', '(', ')', '_',
   '+','\\', 'n', '[', ']','\\', ';',"'", ',', '.', '/', '{', '}', '|', ':', '"',
   '<', '>', '?');

Define WidthList
 (   8,   8,   7,   8,   8,   6,   8,   8,   4,   4,   8,   4,  13,   8,   9,   8,
     8,   6,   7,   6,   8,   8,  12,   8,   9,   8,   7,   8,  10,   9,   8,  10,
     8,   7,  10,   9,   4,   4,  10,   8,  11,  10,  10,   8,  10,   9,   7,   8,
     9,   9,  14,  10,  10,   8,   7,   8,   7,   6,   8,   8,   9,   8,   9,   8,
     9,   8,  10,   6,   8,   4,  14,  11,   7,  15,   9,  11,   8,   6,   6,   7,
     9,   7,   8,   6,   6,   7,   4,   4,   4,   4,   7,   7,   7,   5,   4,   8,
     6,   6,   7);

Define RectList
 ( (   0,  0,  8, 23), (   9,  0,  9, 23), (  19,  0,  7, 23), (  27,  0,  8, 23),
   (  36,  0,  8, 23), (  45,  0,  6, 23), (  52,  0,  8, 23), (  61,  0,  8, 23),
   (  70,  0,  4, 23), (  75,  0,  6, 23), (  82,  0,  9, 23), (  92,  0,  4, 23),
   (  97,  0, 12, 23), ( 110,  0,  8, 23), ( 119,  0,  9, 23), ( 129,  0,  8, 23),
   ( 138,  0,  8, 23), ( 147,  0,  7, 23), ( 155,  0,  7, 23), ( 163,  0,  6, 23),
   ( 170,  0,  8, 23), ( 179,  0,  9, 23), ( 189,  0, 12, 23), ( 202,  0,  9, 23),
   ( 212,  0,  9, 23), ( 222,  0,  8, 23), ( 231,  0,  8, 23), ( 240,  0,  8, 23),
   ( 249,  0, 10, 23), ( 260,  0,  9, 23), ( 270,  0,  8, 23), ( 279,  0, 10, 23),
   ( 290,  0,  8, 23), ( 299,  0,  7, 23), ( 307,  0,  9, 23), ( 317,  0,  9, 23),
   ( 327,  0,  4, 23), ( 332,  0,  6, 23), ( 339,  0, 10, 23), ( 350,  0,  8, 23),
   ( 359,  0, 11, 23), ( 371,  0,  9, 23), ( 381,  0, 10, 23), ( 392,  0,  9, 23),
   ( 402,  0, 10, 23), ( 413,  0, 10, 23), ( 424,  0,  7, 23), ( 432,  0,  9, 23),
   ( 442,  0,  9, 23), ( 452,  0, 10, 23), ( 463,  0, 15, 23), ( 479,  0, 10, 23),
   ( 490,  0, 10, 23), ( 501,  0,  8, 23), ( 510,  0,  8, 23), ( 519,  0,  8, 23),
   ( 528,  0,  6, 23), ( 535,  0,  6, 23), ( 542,  0,  9, 23), ( 552,  0,  8, 23),
   ( 561,  0,  9, 23), ( 571,  0,  8, 23), ( 580,  0,  9, 23), ( 590,  0,  8, 23),
   ( 599,  0,  9, 23), ( 609,  0,  9, 23), ( 619,  0, 10, 23), ( 630,  0,  6, 23),
   ( 637,  0,  8, 23), ( 646,  0,  4, 23), ( 651,  0, 14, 23), ( 666,  0, 11, 23),
   ( 678,  0,  7, 23), ( 686,  0, 16, 23), ( 703,  0,  9, 23), ( 713,  0, 11, 23),
   ( 725,  0,  9, 23), ( 735,  0,  7, 23), ( 743,  0,  8, 23), ( 752,  0,  9, 23),
   ( 762,  0,  9, 23), ( 772,  0,  8, 23), ( 781,  0,  8, 23), ( 790,  0,  6, 23),
   ( 797,  0,  6, 23), ( 804,  0,  8, 23), ( 813,  0,  4, 23), ( 818,  0,  4, 23),
   ( 823,  0,  4, 23), ( 828,  0,  4, 23), ( 833,  0,  8, 23), ( 842,  0,  7, 23),
   ( 850,  0,  8, 23), ( 859,  0,  3, 23), ( 863,  0,  4, 23), ( 868,  0,  8, 23),
   ( 877,  0,  7, 23), ( 885,  0,  7, 23), ( 893,  0,  7, 23));

Define OffsetList
 ( ( 0, 0), ( 0, 0), ( 0, 0), ( 0, 0), ( 0, 0), ( 0, 0), ( 0, 0), ( 0, 0),
   ( 0, 0), (-2, 0), ( 0, 0), ( 0, 0), ( 0, 0), ( 0, 0), ( 0, 0), ( 0, 0),
   ( 0, 0), ( 0, 0), ( 0, 0), ( 0, 0), ( 0, 0), ( 0, 0), ( 0, 0), ( 0, 0),
   ( 0, 0), ( 0, 0), ( 0, 0), ( 0, 0), ( 0, 0), ( 0, 0), ( 0, 0), ( 0, 0),
   ( 0, 0), ( 0, 0), ( 0, 0), ( 0, 0), ( 0, 0), (-2, 0), ( 0, 0), ( 0, 0),
   ( 0, 0), ( 0, 0), ( 0, 0), ( 0, 0), ( 0, 0), ( 0, 0), ( 0, 0), ( 0, 0),
   ( 0, 0), ( 0, 0), ( 0, 0), ( 0, 0), ( 0, 0), ( 0, 0), ( 0, 0), ( 0, 0),
   ( 1, 0), ( 0, 0), ( 0, 0), ( 0, 0), ( 0, 0), ( 0, 0), ( 0, 0), ( 0, 0),
   ( 0, 0), ( 0, 0), ( 0, 0), ( 0, 0), ( 0, 0), ( 0, 0), ( 0, 0), ( 0, 0),
   ( 0, 0), ( 0, 0), ( 0, 0), ( 0, 0), ( 0, 0), ( 0, 0), (-1, 0), (-1, 0),
   ( 0, 0), ( 0, 0), ( 0, 0), ( 0, 0), ( 0, 0), ( 0, 0), ( 0, 0), ( 0, 0),
   ( 0, 0), ( 0, 0), ( 0, 0), ( 0, 0), (-1, 0), ( 1, 0), ( 0, 0), ( 0, 0),
   ( 0, 0), ( 0, 0), ( 0, 0));

CreateLayer               Main;
LayerSetImage             Main 'BrianneTod16';
LayerSetAscent            Main 19;
LayerSetCharWidths        Main CharList WidthList;
LayerSetCharWidths        Main (' ') (3);
LayerSetImageMap          Main CharList RectList;
LayerSetCharOffsets       Main CharList OffsetList;
LayerSetAscentPadding     Main 0;
LayerSetLineSpacingOffset Main 0;
LayerSetPointSize         Main 16;

SetDefaultPointSize  16;
