Define CharList
 ( 'a', 'b', 'c', 'd', 'e', 'f', 'g', 'h', 'i', 'j', 'k', 'l', 'm', 'n', 'o', 'p',
   'q', 'r', 's', 't', 'u', 'v', 'w', 'x', 'y', 'z','\\', 'n', 'A', 'B', 'C', 'D',
   'E', 'F', 'G', 'H', 'I', 'J', 'K', 'L', 'M', 'N', 'O', 'P', 'Q', 'R', 'S', 'T',
   'U', 'V', 'W', 'X', 'Y', 'Z','\\', 'n', '`', '1', '2', '3', '4', '5', '6', '7',
   '8', '9', '0', '-', '=', '!', '@', '#', '$', '%', '^', '&', '*', '(', ')', '_',
   '+','\\', 'n', '[', ']','\\', ';',"'", ',', '.', '/', '{', '}', '|', ':', '"',
   '<', '>', '?');

Define WidthList
 (  16,  17,  15,  17,  16,  12,  17,  17,   8,   8,  17,   8,  26,  17,  18,  17,
    17,  13,  13,  13,  17,  17,  24,  17,  18,  16,  15,  17,  19,  18,  16,  20,
    17,  15,  20,  19,   9,   9,  19,  15,  23,  20,  21,  17,  21,  19,  14,  17,
    19,  19,  30,  21,  20,  17,  15,  17,  15,  12,  17,  16,  18,  16,  18,  16,
    19,  17,  20,  12,  16,   9,  28,  22,  14,  32,  19,  22,  17,  13,  13,  14,
    18,  15,  17,  12,  12,  15,   8,   9,   8,   8,  15,  14,  14,  10,   8,  16,
    13,  13,  14);

Define RectList
 ( (   0,  0, 22, 51), (  23,  0, 23, 51), (  47,  0, 21, 51), (  69,  0, 22, 51),
   (  92,  0, 22, 51), ( 115,  0, 20, 51), ( 136,  0, 22, 51), ( 159,  0, 21, 51),
   ( 181,  0, 14, 51), ( 196,  0, 16, 51), ( 213,  0, 22, 51), ( 236,  0, 13, 51),
   ( 250,  0, 31, 51), ( 282,  0, 23, 51), ( 306,  0, 24, 51), ( 331,  0, 21, 51),
   ( 353,  0, 22, 51), ( 376,  0, 19, 51), ( 396,  0, 19, 51), ( 416,  0, 18, 51),
   ( 435,  0, 21, 51), ( 457,  0, 23, 51), ( 481,  0, 31, 51), ( 513,  0, 23, 51),
   ( 537,  0, 24, 51), ( 562,  0, 22, 51), ( 585,  0, 22, 51), ( 608,  0, 23, 51),
   ( 632,  0, 26, 51), ( 659,  0, 23, 51), ( 683,  0, 21, 51), ( 705,  0, 25, 51),
   ( 731,  0, 23, 51), ( 755,  0, 20, 51), ( 776,  0, 25, 51), ( 802,  0, 25, 51),
   ( 828,  0, 13, 51), ( 842,  0, 17, 51), ( 860,  0, 25, 51), ( 886,  0, 21, 51),
   ( 908,  0, 29, 51), ( 938,  0, 25, 51), ( 964,  0, 27, 51), ( 992,  0, 23, 51),
   (1016,  0, 27, 51), (1044,  0, 24, 51), (1069,  0, 20, 51), (1090,  0, 24, 51),
   (1115,  0, 24, 51), (1140,  0, 26, 51), (1167,  0, 36, 51), (1204,  0, 27, 51),
   (1232,  0, 26, 51), (1259,  0, 23, 51), (1283,  0, 22, 51), (1306,  0, 23, 51),
   (1330,  0, 17, 51), (1348,  0, 17, 51), (1366,  0, 23, 51), (1390,  0, 23, 51),
   (1414,  0, 24, 51), (1439,  0, 21, 51), (1461,  0, 24, 51), (1486,  0, 22, 51),
   (1509,  0, 24, 51), (1534,  0, 23, 51), (1558,  0, 25, 51), (1584,  0, 17, 51),
   (1602,  0, 22, 51), (1625,  0, 14, 51), (1640,  0, 33, 51), (1674,  0, 29, 51),
   (1704,  0, 20, 51), (1725,  0, 38, 51), (1764,  0, 24, 51), (1789,  0, 28, 51),
   (1818,  0, 24, 51), (1843,  0, 20, 51), (1864,  0, 21, 51), (1886,  0, 22, 51),
   (1909,  0, 24, 51), (1934,  0, 22, 51), (1957,  0, 23, 51), (1981,  0, 17, 51),
   (1999,  0, 17, 51), (2017,  0, 22, 51), (2040,  0, 14, 51), (2055,  0, 13, 51),
   (2069,  0, 14, 51), (2084,  0, 14, 51), (2099,  0, 22, 51), (2122,  0, 21, 51),
   (2144,  0, 21, 51), (2166,  0, 12, 51), (2179,  0, 14, 51), (2194,  0, 21, 51),
   (2216,  0, 19, 51), (2236,  0, 19, 51), (2256,  0, 20, 51));

Define OffsetList
 ( (-3, 0), (-3, 0), (-3, 0), (-3, 0), (-3, 0), (-4, 0), (-3, 0), (-2, 0),
   (-3, 0), (-6, 0), (-2, 0), (-2, 0), (-3, 0), (-3, 0), (-3, 0), (-2, 0),
   (-3, 0), (-3, 0), (-3, 0), (-3, 0), (-2, 0), (-3, 0), (-3, 0), (-3, 0),
   (-3, 0), (-3, 0), (-3, 0), (-3, 0), (-3, 0), (-3, 0), (-3, 0), (-3, 0),
   (-3, 0), (-3, 0), (-3, 0), (-3, 0), (-2, 0), (-6, 0), (-2, 0), (-2, 0),
   (-3, 0), (-3, 0), (-3, 0), (-3, 0), (-3, 0), (-2, 0), (-3, 0), (-3, 0),
   (-3, 0), (-3, 0), (-3, 0), (-3, 0), (-3, 0), (-3, 0), (-3, 0), (-3, 0),
   (-1, 0), (-3, 0), (-3, 0), (-4, 0), (-3, 0), (-3, 0), (-3, 0), (-3, 0),
   (-3, 0), (-3, 0), (-3, 0), (-3, 0), (-3, 0), (-3, 0), (-3, 0), (-3, 0),
   (-3, 0), (-3, 0), (-3, 0), (-3, 0), (-3, 0), (-3, 0), (-5, 0), (-4, 0),
   (-3, 0), (-3, 0), (-3, 0), (-2, 0), (-3, 0), (-3, 0), (-3, 0), (-2, 0),
   (-3, 0), (-3, 0), (-3, 0), (-3, 0), (-4, 0), (-1, 0), (-3, 0), (-2, 0),
   (-3, 0), (-3, 0), (-3, 0));

CreateLayer               Outline;
LayerSetImage             Outline 'BrianneTod32Outline';
LayerSetAscent            Outline 39;
LayerSetCharWidths        Outline CharList WidthList;
LayerSetCharWidths        Outline (' ') (6);
LayerSetImageMap          Outline CharList RectList;
LayerSetCharOffsets       Outline CharList OffsetList;
LayerSetAscentPadding     Outline 0;
LayerSetLineSpacingOffset Outline 0;
LayerSetPointSize         Outline 32;

CreateLayer               Main;
LayerSetImage             Main 'BrianneTod32';
LayerSetAscent            Main 39;
LayerSetCharWidths        Main CharList WidthList;
LayerSetCharWidths        Main (' ') (6);
LayerSetImageMap          Main CharList RectList;
LayerSetCharOffsets       Main CharList OffsetList;
LayerSetAscentPadding     Main 0;
LayerSetLineSpacingOffset Main 0;
LayerSetPointSize         Main 32;

SetDefaultPointSize  32;
