Define CharList
 ( 'a', 'b', 'c', 'd', 'e', 'f', 'g', 'h', 'i', 'j', 'k', 'l', 'm', 'n', 'o', 'p',
   'q', 'r', 's', 't', 'u', 'v', 'w', 'x', 'y', 'z','\\', 'n', 'A', 'B', 'C', 'D',
   'E', 'F', 'G', 'H', 'I', 'J', 'K', 'L', 'M', 'N', 'O', 'P', 'Q', 'R', 'S', 'T',
   'U', 'V', 'W', 'X', 'Y', 'Z','\\', 'n', '`', '1', '2', '3', '4', '5', '6', '7',
   '8', '9', '0', '-', '=', '!', '@', '#', '$', '%', '^', '&', '*', '(', ')', '_',
   '+','\\', 'n', '[', ']','\\', ';',"'", ',', '.', '/', '{', '}', '|', ':', '"',
   '<', '>', '?');

Define WidthList
 (   6,   7,   6,   7,   6,   5,   7,   7,   3,   3,   7,   3,  10,   7,   7,   7,
     7,   5,   5,   5,   7,   7,  10,   7,   7,   6,   6,   7,   8,   7,   6,   8,
     7,   6,   8,   8,   3,   3,   8,   6,   9,   8,   8,   7,   8,   7,   6,   7,
     8,   8,  12,   8,   8,   7,   6,   7,   6,   5,   7,   6,   7,   6,   7,   6,
     7,   7,   8,   5,   6,   3,  11,   9,   6,  13,   7,   9,   7,   5,   5,   6,
     7,   6,   7,   5,   5,   6,   3,   3,   3,   3,   6,   6,   6,   4,   3,   6,
     5,   5,   5);

Define RectList
 ( (   0,  0,  6, 19), (   7,  0,  7, 19), (  15,  0,  6, 19), (  22,  0,  7, 19),
   (  30,  0,  7, 19), (  38,  0,  5, 19), (  44,  0,  7, 19), (  52,  0,  7, 19),
   (  60,  0,  3, 19), (  64,  0,  5, 19), (  70,  0,  7, 19), (  78,  0,  3, 19),
   (  82,  0, 10, 19), (  93,  0,  7, 19), ( 101,  0,  7, 19), ( 109,  0,  7, 19),
   ( 117,  0,  7, 19), ( 125,  0,  6, 19), ( 132,  0,  5, 19), ( 138,  0,  5, 19),
   ( 144,  0,  7, 19), ( 152,  0,  7, 19), ( 160,  0, 10, 19), ( 171,  0,  7, 19),
   ( 179,  0,  7, 19), ( 187,  0,  7, 19), ( 195,  0,  6, 19), ( 202,  0,  7, 19),
   ( 210,  0,  8, 19), ( 219,  0,  7, 19), ( 227,  0,  6, 19), ( 234,  0,  8, 19),
   ( 243,  0,  7, 19), ( 251,  0,  6, 19), ( 258,  0,  8, 19), ( 267,  0,  8, 19),
   ( 276,  0,  3, 19), ( 280,  0,  4, 19), ( 285,  0,  8, 19), ( 294,  0,  6, 19),
   ( 301,  0,  9, 19), ( 311,  0,  8, 19), ( 320,  0,  9, 19), ( 330,  0,  7, 19),
   ( 338,  0,  8, 19), ( 347,  0,  8, 19), ( 356,  0,  6, 19), ( 363,  0,  7, 19),
   ( 371,  0,  8, 19), ( 380,  0,  8, 19), ( 389,  0, 12, 19), ( 402,  0,  8, 19),
   ( 411,  0,  8, 19), ( 420,  0,  7, 19), ( 428,  0,  6, 19), ( 435,  0,  7, 19),
   ( 443,  0,  5, 19), ( 449,  0,  5, 19), ( 455,  0,  7, 19), ( 463,  0,  7, 19),
   ( 471,  0,  7, 19), ( 479,  0,  6, 19), ( 486,  0,  8, 19), ( 495,  0,  7, 19),
   ( 503,  0,  7, 19), ( 511,  0,  7, 19), ( 519,  0,  8, 19), ( 528,  0,  5, 19),
   ( 534,  0,  6, 19), ( 541,  0,  4, 19), ( 546,  0, 11, 19), ( 558,  0,  9, 19),
   ( 568,  0,  6, 19), ( 575,  0, 13, 19), ( 589,  0,  8, 19), ( 598,  0,  9, 19),
   ( 608,  0,  7, 19), ( 616,  0,  6, 19), ( 623,  0,  6, 19), ( 630,  0,  7, 19),
   ( 638,  0,  8, 19), ( 647,  0,  6, 19), ( 654,  0,  7, 19), ( 662,  0,  5, 19),
   ( 668,  0,  5, 19), ( 674,  0,  6, 19), ( 681,  0,  4, 19), ( 686,  0,  3, 19),
   ( 690,  0,  3, 19), ( 694,  0,  4, 19), ( 699,  0,  6, 19), ( 706,  0,  6, 19),
   ( 713,  0,  7, 19), ( 721,  0,  4, 19), ( 726,  0,  3, 19), ( 730,  0,  6, 19),
   ( 737,  0,  5, 19), ( 743,  0,  5, 19), ( 749,  0,  6, 19));

Define OffsetList
 ( ( 0, 0), ( 0, 0), ( 0, 0), ( 0, 0), ( 0, 0), ( 0, 0), ( 0, 0), ( 0, 0),
   ( 0, 0), (-2, 0), ( 0, 0), ( 0, 0), ( 0, 0), ( 0, 0), ( 0, 0), ( 0, 0),
   ( 0, 0), ( 0, 0), ( 0, 0), ( 0, 0), ( 0, 0), ( 0, 0), ( 0, 0), ( 0, 0),
   ( 0, 0), ( 0, 0), ( 0, 0), ( 0, 0), ( 0, 0), ( 0, 0), ( 0, 0), ( 0, 0),
   ( 0, 0), ( 0, 0), ( 0, 0), ( 0, 0), ( 0, 0), (-1, 0), ( 0, 0), ( 0, 0),
   ( 0, 0), ( 0, 0), ( 0, 0), ( 0, 0), ( 0, 0), ( 0, 0), ( 0, 0), ( 0, 0),
   ( 0, 0), ( 0, 0), ( 0, 0), ( 0, 0), ( 0, 0), ( 0, 0), ( 0, 0), ( 0, 0),
   ( 0, 0), ( 0, 0), ( 0, 0), ( 0, 0), ( 0, 0), ( 0, 0), ( 0, 0), ( 0, 0),
   ( 0, 0), ( 0, 0), ( 0, 0), ( 0, 0), ( 0, 0), ( 0, 0), ( 0, 0), ( 0, 0),
   ( 0, 0), ( 0, 0), ( 0, 0), ( 0, 0), ( 0, 0), ( 0, 0), (-1, 0), (-1, 0),
   ( 0, 0), ( 0, 0), ( 0, 0), ( 0, 0), ( 0, 0), ( 0, 0), ( 0, 0), ( 0, 0),
   ( 0, 0), ( 0, 0), ( 0, 0), ( 0, 0), (-1, 0), ( 0, 0), ( 0, 0), ( 0, 0),
   ( 0, 0), ( 0, 0), ( 0, 0));

CreateLayer               Main;
LayerSetImage             Main 'BrianneTod13';
LayerSetAscent            Main 15;
LayerSetCharWidths        Main CharList WidthList;
LayerSetCharWidths        Main (' ') (3);
LayerSetImageMap          Main CharList RectList;
LayerSetCharOffsets       Main CharList OffsetList;
LayerSetAscentPadding     Main 0;
LayerSetLineSpacingOffset Main -2;
LayerSetPointSize         Main 13;

SetDefaultPointSize  13;
