Define CharList
 ( 'a', 'b', 'c', 'd', 'e', 'f', 'g', 'h', 'i', 'j', 'k', 'l', 'm', 'n', 'o', 'p',
   'q', 'r', 's', 't', 'u', 'v', 'w', 'x', 'y', 'z', 'A', 'B', 'C', 'D', 'E', 'F',
   'G', 'H', 'I', 'J', 'K', 'L', 'M', 'N', 'O', 'P', 'Q', 'R', 'S', 'T', 'U', 'V',
   'W', 'X', 'Y', 'Z', '`', '1', '2', '3', '4', '5', '6', '7', '8', '9', '0', '-',
   '=', '!', '@', '#', '$', '%', '^', '&', '*', '(', ')', '_', '+', '[', ']','\\',
   ';',"'", ',', '.', '/', '{', '}', '|', ':', '"', '<', '>', '?');

Define WidthList
 (   7,   8,   7,   8,   7,   5,   7,   7,   3,   3,   7,   4,  11,   8,   8,   7,
     7,   6,   6,   6,   8,   7,  11,   8,   8,   7,   9,   8,   7,   9,   8,   7,
     9,   9,   4,   4,   9,   7,  10,   9,   9,   8,   9,   8,   6,   8,   9,   9,
    13,   9,   9,   8,   7,   5,   8,   7,   8,   7,   8,   7,   8,   8,   9,   5,
     7,   4,  12,  10,   6,  14,   8,  10,   8,   6,   6,   6,   8,   5,   5,   7,
     4,   4,   4,   4,   7,   6,   6,   4,   4,   7,   6,   6,   6);

Define RectList
 ( (   0,  0, 11, 25), (  12,  0, 12, 25), (  25,  0, 11, 25), (  37,  0, 12, 25),
   (  50,  0, 12, 25), (  63,  0, 10, 25), (  74,  0, 11, 25), (  86,  0, 12, 25),
   (  99,  0,  8, 25), ( 108,  0, 10, 25), ( 119,  0, 12, 25), ( 132,  0,  8, 25),
   ( 141,  0, 15, 25), ( 157,  0, 12, 25), ( 170,  0, 12, 25), ( 183,  0, 11, 25),
   ( 195,  0, 11, 25), ( 207,  0, 10, 25), ( 218,  0, 10, 25), ( 229,  0, 10, 25),
   ( 240,  0, 12, 25), ( 253,  0, 12, 25), ( 266,  0, 15, 25), ( 282,  0, 12, 25),
   ( 295,  0, 12, 25), ( 308,  0, 11, 25), ( 320,  0, 13, 25), ( 334,  0, 12, 25),
   ( 347,  0, 11, 25), ( 359,  0, 13, 25), ( 373,  0, 12, 25), ( 386,  0, 11, 25),
   ( 398,  0, 13, 25), ( 412,  0, 12, 25), ( 425,  0,  8, 25), ( 434,  0, 10, 25),
   ( 445,  0, 13, 25), ( 459,  0, 11, 25), ( 471,  0, 14, 25), ( 486,  0, 13, 25),
   ( 500,  0, 13, 25), ( 514,  0, 12, 25), ( 527,  0, 13, 25), ( 541,  0, 13, 25),
   ( 555,  0, 10, 25), ( 566,  0, 12, 25), ( 579,  0, 12, 25), ( 592,  0, 13, 25),
   ( 606,  0, 17, 25), ( 624,  0, 13, 25), ( 638,  0, 13, 25), ( 652,  0, 12, 25),
   ( 665,  0, 10, 25), ( 676,  0,  9, 25), ( 686,  0, 12, 25), ( 699,  0, 11, 25),
   ( 711,  0, 12, 25), ( 724,  0, 11, 25), ( 736,  0, 12, 25), ( 749,  0, 11, 25),
   ( 761,  0, 12, 25), ( 774,  0, 12, 25), ( 787,  0, 13, 25), ( 801,  0,  9, 25),
   ( 811,  0, 11, 25), ( 823,  0,  8, 25), ( 832,  0, 16, 25), ( 849,  0, 14, 25),
   ( 864,  0, 11, 25), ( 876,  0, 18, 25), ( 895,  0, 12, 25), ( 908,  0, 14, 25),
   ( 923,  0, 12, 25), ( 936,  0, 10, 25), ( 947,  0, 11, 25), ( 959,  0, 12, 25),
   ( 972,  0, 12, 25), ( 985,  0, 10, 25), ( 996,  0,  9, 25), (1006,  0, 11, 25),
   (1018,  0,  8, 25), (1027,  0,  8, 25), (1036,  0,  8, 25), (1045,  0,  8, 25),
   (1054,  0, 11, 25), (1066,  0, 11, 25), (1078,  0, 12, 25), (1091,  0,  8, 25),
   (1100,  0,  8, 25), (1109,  0, 11, 25), (1121,  0, 10, 25), (1132,  0, 10, 25),
   (1143,  0, 10, 25));

Define OffsetList
 ( (-2, 0), (-2, 0), (-2, 0), (-2, 0), (-2, 0), (-2, 0), (-2, 0), (-2, 0),
   (-2, 0), (-4, 0), (-2, 0), (-2, 0), (-2, 0), (-2, 0), (-2, 0), (-2, 0),
   (-2, 0), (-2, 0), (-2, 0), (-2, 0), (-2, 0), (-2, 0), (-2, 0), (-2, 0),
   (-2, 0), (-2, 0), (-2, 0), (-2, 0), (-2, 0), (-2, 0), (-2, 0), (-2, 0),
   (-2, 0), (-2, 0), (-2, 0), (-4, 0), (-2, 0), (-2, 0), (-2, 0), (-2, 0),
   (-2, 0), (-2, 0), (-2, 0), (-2, 0), (-2, 0), (-2, 0), (-2, 0), (-2, 0),
   (-2, 0), (-2, 0), (-2, 0), (-2, 0), (-2, 0), (-2, 0), (-2, 0), (-2, 0),
   (-2, 0), (-2, 0), (-2, 0), (-2, 0), (-2, 0), (-2, 0), (-2, 0), (-2, 0),
   (-2, 0), (-2, 0), (-2, 0), (-2, 0), (-2, 0), (-2, 0), (-2, 0), (-2, 0),
   (-2, 0), (-2, 0), (-3, 0), (-3, 0), (-2, 0), (-2, 0), (-2, 0), (-2, 0),
   (-2, 0), (-2, 0), (-2, 0), (-2, 0), (-2, 0), (-2, 0), (-3, 0), (-2, 0),
   (-2, 0), (-2, 0), (-2, 0), (-2, 0), (-2, 0));

CreateLayer               Main;
LayerSetImage             Main 'ContinuumBold14';
LayerSetAscent            Main 19;
LayerSetCharWidths        Main CharList WidthList;
LayerSetCharWidths        Main (' ') (3);
LayerSetImageMap          Main CharList RectList;
LayerSetCharOffsets       Main CharList OffsetList;
LayerSetAscentPadding     Main 2;
LayerSetLineSpacingOffset Main 0;
LayerSetPointSize         Main 14;

SetDefaultPointSize  14;
