Define CharList
 ( 'a', 'b', 'c', 'd', 'e', 'f', 'g', 'h', 'i', 'j', 'k', 'l', 'm', 'n', 'o', 'p',
   'q', 'r', 's', 't', 'u', 'v', 'w', 'x', 'y', 'z', 'A', 'B', 'C', 'D', 'E', 'F',
   'G', 'H', 'I', 'J', 'K', 'L', 'M', 'N', 'O', 'P', 'Q', 'R', 'S', 'T', 'U', 'V',
   'W', 'X', 'Y', 'Z', '`', '1', '2', '3', '4', '5', '6', '7', '8', '9', '0', '-',
   '=', '!', '@', '#', '$', '%', '^', '&', '*', '(', ')', '_', '+', '[', ']','\\',
   ';',"'", ',', '.', '/', '{', '}', '|', ':', '"', '<', '>', '?');

Define WidthList
 (  12,  13,  11,  13,  13,   9,  13,  13,   6,   6,  13,   7,  20,  13,  14,  13,
    13,  10,  10,  10,  13,  13,  19,  13,  14,  12,  15,  14,  12,  15,  13,  11,
    15,  15,   7,   7,  15,  12,  18,  15,  16,  13,  16,  14,  11,  13,  15,  15,
    23,  16,  15,  13,  12,   9,  13,  13,  14,  12,  14,  12,  14,  13,  15,   9,
    12,   7,  21,  17,  11,  24,  14,  17,  13,  10,  10,  11,  14,   9,   9,  12,
     6,   7,   6,   6,  12,  11,  11,   8,   6,  12,  10,  10,  11);

Define RectList
 ( (   0,  0, 18, 39), (  19,  0, 19, 39), (  39,  0, 17, 39), (  57,  0, 19, 39),
   (  77,  0, 19, 39), (  97,  0, 16, 39), ( 114,  0, 18, 39), ( 133,  0, 19, 39),
   ( 153,  0, 12, 39), ( 166,  0, 15, 39), ( 182,  0, 19, 39), ( 202,  0, 11, 39),
   ( 214,  0, 25, 39), ( 240,  0, 19, 39), ( 260,  0, 20, 39), ( 281,  0, 19, 39),
   ( 301,  0, 19, 39), ( 321,  0, 16, 39), ( 338,  0, 16, 39), ( 355,  0, 15, 39),
   ( 371,  0, 19, 39), ( 391,  0, 19, 39), ( 411,  0, 25, 39), ( 437,  0, 19, 39),
   ( 457,  0, 20, 39), ( 478,  0, 18, 39), ( 497,  0, 21, 39), ( 519,  0, 20, 39),
   ( 540,  0, 18, 39), ( 559,  0, 21, 39), ( 581,  0, 19, 39), ( 601,  0, 17, 39),
   ( 619,  0, 21, 39), ( 641,  0, 20, 39), ( 662,  0, 12, 39), ( 675,  0, 14, 39),
   ( 690,  0, 21, 39), ( 712,  0, 18, 39), ( 731,  0, 24, 39), ( 756,  0, 21, 39),
   ( 778,  0, 22, 39), ( 801,  0, 19, 39), ( 821,  0, 22, 39), ( 844,  0, 21, 39),
   ( 866,  0, 17, 39), ( 884,  0, 20, 39), ( 905,  0, 20, 39), ( 926,  0, 21, 39),
   ( 948,  0, 29, 39), ( 978,  0, 22, 39), (1001,  0, 22, 39), (1024,  0, 19, 39),
   (1044,  0, 15, 39), (1060,  0, 15, 39), (1076,  0, 19, 39), (1096,  0, 20, 39),
   (1117,  0, 20, 39), (1138,  0, 18, 39), (1157,  0, 20, 39), (1178,  0, 19, 39),
   (1198,  0, 20, 39), (1219,  0, 19, 39), (1239,  0, 21, 39), (1261,  0, 15, 39),
   (1277,  0, 18, 39), (1296,  0, 13, 39), (1310,  0, 27, 39), (1338,  0, 23, 39),
   (1362,  0, 17, 39), (1380,  0, 30, 39), (1411,  0, 20, 39), (1432,  0, 23, 39),
   (1456,  0, 20, 39), (1477,  0, 17, 39), (1495,  0, 17, 39), (1513,  0, 19, 39),
   (1533,  0, 20, 39), (1554,  0, 15, 39), (1570,  0, 15, 39), (1586,  0, 18, 39),
   (1605,  0, 12, 39), (1618,  0, 12, 39), (1631,  0, 12, 39), (1644,  0, 12, 39),
   (1657,  0, 18, 39), (1676,  0, 17, 39), (1694,  0, 18, 39), (1713,  0, 11, 39),
   (1725,  0, 12, 39), (1738,  0, 18, 39), (1757,  0, 16, 39), (1774,  0, 16, 39),
   (1791,  0, 17, 39));

Define OffsetList
 ( (-3, 0), (-3, 0), (-3, 0), (-3, 0), (-3, 0), (-3, 0), (-3, 0), (-3, 0),
   (-3, 0), (-6, 0), (-3, 0), (-2, 0), (-3, 0), (-3, 0), (-3, 0), (-3, 0),
   (-3, 0), (-3, 0), (-3, 0), (-3, 0), (-3, 0), (-3, 0), (-3, 0), (-3, 0),
   (-3, 0), (-3, 0), (-3, 0), (-3, 0), (-3, 0), (-3, 0), (-3, 0), (-3, 0),
   (-3, 0), (-3, 0), (-3, 0), (-5, 0), (-3, 0), (-3, 0), (-3, 0), (-3, 0),
   (-3, 0), (-3, 0), (-3, 0), (-3, 0), (-3, 0), (-3, 0), (-3, 0), (-3, 0),
   (-3, 0), (-3, 0), (-3, 0), (-3, 0), (-2, 0), (-3, 0), (-3, 0), (-4, 0),
   (-3, 0), (-3, 0), (-3, 0), (-3, 0), (-3, 0), (-3, 0), (-3, 0), (-3, 0),
   (-3, 0), (-3, 0), (-3, 0), (-3, 0), (-3, 0), (-3, 0), (-3, 0), (-3, 0),
   (-3, 0), (-3, 0), (-4, 0), (-4, 0), (-3, 0), (-2, 0), (-3, 0), (-3, 0),
   (-3, 0), (-3, 0), (-3, 0), (-3, 0), (-3, 0), (-3, 0), (-4, 0), (-2, 0),
   (-3, 0), (-3, 0), (-3, 0), (-3, 0), (-3, 0));

CreateLayer               Outline;
LayerSetImage             Outline 'DwarvenTodcraft24Outline';
LayerSetAscent            Outline 30;
LayerSetCharWidths        Outline CharList WidthList;
LayerSetCharWidths        Outline (' ') (5);
LayerSetImageMap          Outline CharList RectList;
LayerSetCharOffsets       Outline CharList OffsetList;
LayerSetAscentPadding     Outline 0;
LayerSetLineSpacingOffset Outline 0;
LayerSetPointSize         Outline 25;

CreateLayer               Main;
LayerSetImage             Main 'DwarvenTodcraft24';
LayerSetAscent            Main 30;
LayerSetCharWidths        Main CharList WidthList;
LayerSetCharWidths        Main (' ') (5);
LayerSetImageMap          Main CharList RectList;
LayerSetCharOffsets       Main CharList OffsetList;
LayerSetAscentPadding     Main 0;
LayerSetLineSpacingOffset Main 0;
LayerSetPointSize         Main 25;

SetDefaultPointSize  25;
