Define CharList
 ( 'a', 'b', 'c', 'd', 'e', 'f', 'g', 'h', 'i', 'j', 'k', 'l', 'm', 'n', 'o', 'p',
   'q', 'r', 's', 't', 'u', 'v', 'w', 'x', 'y', 'z', 'A', 'B', 'C', 'D', 'E', 'F',
   'G', 'H', 'I', 'J', 'K', 'L', 'M', 'N', 'O', 'P', 'Q', 'R', 'S', 'T', 'U', 'V',
   'W', 'X', 'Y', 'Z', '`', '1', '2', '3', '4', '5', '6', '7', '8', '9', '0', '-',
   '=', '!', '@', '#', '$', '%', '^', '&', '*', '(', ')', '_', '+', '[', ']','\\',
   ';',"'", ',', '.', '/', '{', '}', '|', ':', '"', '<', '>', '?');

Define WidthList
 (  10,  11,   9,  11,  10,   8,  11,  11,   5,   5,  10,   5,  16,  11,  11,  11,
    11,   8,   8,   8,  11,  11,  15,  11,  11,  10,  12,  11,  10,  12,  11,   9,
    12,  12,   5,   5,  12,  10,  15,  12,  13,  11,  13,  12,   9,  11,  12,  12,
    19,  13,  12,  11,   9,   7,  11,  10,  11,  10,  12,  10,  12,  11,  12,   7,
    10,   5,  17,  14,   9,  20,  12,  14,  11,   8,   8,   9,  12,   8,   8,  10,
     5,   6,   5,   5,  10,   9,   9,   6,   5,  10,   8,   8,   9);

Define RectList
 ( (   0,  0, 16, 33), (  17,  0, 17, 33), (  35,  0, 15, 33), (  51,  0, 17, 33),
   (  69,  0, 17, 33), (  87,  0, 14, 33), ( 102,  0, 16, 33), ( 119,  0, 16, 33),
   ( 136,  0, 11, 33), ( 148,  0, 13, 33), ( 162,  0, 17, 33), ( 180,  0, 11, 33),
   ( 192,  0, 22, 33), ( 215,  0, 17, 33), ( 233,  0, 17, 33), ( 251,  0, 16, 33),
   ( 268,  0, 16, 33), ( 285,  0, 14, 33), ( 300,  0, 14, 33), ( 315,  0, 14, 33),
   ( 330,  0, 16, 33), ( 347,  0, 17, 33), ( 365,  0, 22, 33), ( 388,  0, 17, 33),
   ( 406,  0, 18, 33), ( 425,  0, 16, 33), ( 442,  0, 19, 33), ( 462,  0, 17, 33),
   ( 480,  0, 16, 33), ( 497,  0, 18, 33), ( 516,  0, 17, 33), ( 534,  0, 15, 33),
   ( 550,  0, 18, 33), ( 569,  0, 18, 33), ( 588,  0, 11, 33), ( 600,  0, 13, 33),
   ( 614,  0, 19, 33), ( 634,  0, 16, 33), ( 651,  0, 21, 33), ( 673,  0, 18, 33),
   ( 692,  0, 19, 33), ( 712,  0, 17, 33), ( 730,  0, 19, 33), ( 750,  0, 18, 33),
   ( 769,  0, 15, 33), ( 785,  0, 17, 33), ( 803,  0, 18, 33), ( 822,  0, 19, 33),
   ( 842,  0, 25, 33), ( 868,  0, 19, 33), ( 888,  0, 19, 33), ( 908,  0, 17, 33),
   ( 926,  0, 13, 33), ( 940,  0, 13, 33), ( 954,  0, 17, 33), ( 972,  0, 16, 33),
   ( 989,  0, 18, 33), (1008,  0, 16, 33), (1025,  0, 18, 33), (1044,  0, 16, 33),
   (1061,  0, 18, 33), (1080,  0, 17, 33), (1098,  0, 18, 33), (1117,  0, 13, 33),
   (1131,  0, 16, 33), (1148,  0, 11, 33), (1160,  0, 23, 33), (1184,  0, 20, 33),
   (1205,  0, 15, 33), (1221,  0, 26, 33), (1248,  0, 18, 33), (1267,  0, 20, 33),
   (1288,  0, 17, 33), (1306,  0, 15, 33), (1322,  0, 15, 33), (1338,  0, 17, 33),
   (1356,  0, 18, 33), (1375,  0, 14, 33), (1390,  0, 13, 33), (1404,  0, 16, 33),
   (1421,  0, 11, 33), (1433,  0, 11, 33), (1445,  0, 11, 33), (1457,  0, 11, 33),
   (1469,  0, 16, 33), (1486,  0, 15, 33), (1502,  0, 16, 33), (1519,  0, 10, 33),
   (1530,  0, 11, 33), (1542,  0, 16, 33), (1559,  0, 14, 33), (1574,  0, 14, 33),
   (1589,  0, 15, 33));

Define OffsetList
 ( (-3, 0), (-3, 0), (-3, 0), (-3, 0), (-3, 0), (-3, 0), (-3, 0), (-3, 0),
   (-3, 0), (-5, 0), (-3, 0), (-3, 0), (-3, 0), (-3, 0), (-3, 0), (-3, 0),
   (-3, 0), (-3, 0), (-3, 0), (-3, 0), (-3, 0), (-3, 0), (-3, 0), (-3, 0),
   (-3, 0), (-3, 0), (-3, 0), (-3, 0), (-3, 0), (-3, 0), (-3, 0), (-3, 0),
   (-3, 0), (-3, 0), (-3, 0), (-5, 0), (-3, 0), (-3, 0), (-3, 0), (-3, 0),
   (-3, 0), (-3, 0), (-3, 0), (-3, 0), (-3, 0), (-3, 0), (-3, 0), (-3, 0),
   (-3, 0), (-3, 0), (-3, 0), (-3, 0), (-2, 0), (-3, 0), (-3, 0), (-3, 0),
   (-3, 0), (-3, 0), (-3, 0), (-3, 0), (-3, 0), (-3, 0), (-3, 0), (-3, 0),
   (-3, 0), (-3, 0), (-3, 0), (-3, 0), (-3, 0), (-3, 0), (-3, 0), (-3, 0),
   (-3, 0), (-3, 0), (-4, 0), (-4, 0), (-3, 0), (-3, 0), (-3, 0), (-3, 0),
   (-3, 0), (-3, 0), (-3, 0), (-3, 0), (-3, 0), (-3, 0), (-4, 0), (-2, 0),
   (-3, 0), (-3, 0), (-3, 0), (-3, 0), (-3, 0));

CreateLayer               Outline;
LayerSetImage             Outline 'DwarvenTodcraft18Outline';
LayerSetAscent            Outline 25;
LayerSetCharWidths        Outline CharList WidthList;
LayerSetCharWidths        Outline (' ') (4);
LayerSetImageMap          Outline CharList RectList;
LayerSetCharOffsets       Outline CharList OffsetList;
LayerSetAscentPadding     Outline 0;
LayerSetLineSpacingOffset Outline 0;
LayerSetPointSize         Outline 20;

CreateLayer               Main;
LayerSetImage             Main 'DwarvenTodcraft18';
LayerSetAscent            Main 25;
LayerSetCharWidths        Main CharList WidthList;
LayerSetCharWidths        Main (' ') (4);
LayerSetImageMap          Main CharList RectList;
LayerSetCharOffsets       Main CharList OffsetList;
LayerSetAscentPadding     Main 0;
LayerSetLineSpacingOffset Main 0;
LayerSetPointSize         Main 20;

SetDefaultPointSize  20;
