Define CharList
 ( 'a', 'b', 'c', 'd', 'e', 'f', 'g', 'h', 'i', 'j', 'k', 'l', 'm', 'n', 'o', 'p',
   'q', 'r', 's', 't', 'u', 'v', 'w', 'x', 'y', 'z', 'A', 'B', 'C', 'D', 'E', 'F',
   'G', 'H', 'I', 'J', 'K', 'L', 'M', 'N', 'O', 'P', 'Q', 'R', 'S', 'T', 'U', 'V',
   'W', 'X', 'Y', 'Z', '`', '1', '2', '3', '4', '5', '6', '7', '8', '9', '0', '-',
   '=', '!', '@', '#', '$', '%', '^', '&', '*', '(', ')', '_', '+', '[', ']','\\',
   ';',"'", ',', '.', '/', '{', '}', '|', ':', '"', '<', '>', '?');

Define WidthList
 (   6,   6,   6,   6,   6,   4,   6,   6,   3,   3,   6,   3,  10,   6,   7,   6,
     6,   5,   5,   5,   6,   6,   9,   6,   7,   6,   7,   7,   6,   7,   6,   6,
     7,   7,   3,   3,   7,   6,   9,   7,   8,   6,   8,   7,   5,   6,   7,   7,
    11,   8,   7,   6,   6,   4,   6,   6,   7,   6,   7,   6,   7,   6,   7,   4,
     6,   3,  10,   8,   5,  12,   7,   8,   6,   5,   5,   5,   7,   5,   5,   6,
     3,   3,   3,   3,   6,   5,   5,   4,   3,   6,   5,   5,   5);

Define RectList
 ( (   0,  0, 12, 20), (  13,  0, 13, 20), (  27,  0, 12, 20), (  40,  0, 12, 20),
   (  53,  0, 12, 20), (  66,  0, 11, 20), (  78,  0, 12, 20), (  91,  0, 12, 20),
   ( 104,  0,  9, 20), ( 114,  0, 10, 20), ( 125,  0, 13, 20), ( 139,  0,  9, 20),
   ( 149,  0, 16, 20), ( 166,  0, 12, 20), ( 179,  0, 13, 20), ( 193,  0, 12, 20),
   ( 206,  0, 12, 20), ( 219,  0, 11, 20), ( 231,  0, 11, 20), ( 243,  0, 11, 20),
   ( 255,  0, 12, 20), ( 268,  0, 13, 20), ( 282,  0, 15, 20), ( 298,  0, 13, 20),
   ( 312,  0, 13, 20), ( 326,  0, 12, 20), ( 339,  0, 14, 20), ( 354,  0, 13, 20),
   ( 368,  0, 12, 20), ( 381,  0, 13, 20), ( 395,  0, 12, 20), ( 408,  0, 12, 20),
   ( 421,  0, 13, 20), ( 435,  0, 13, 20), ( 449,  0,  9, 20), ( 459,  0, 10, 20),
   ( 470,  0, 14, 20), ( 485,  0, 12, 20), ( 498,  0, 15, 20), ( 514,  0, 13, 20),
   ( 528,  0, 14, 20), ( 543,  0, 13, 20), ( 557,  0, 14, 20), ( 572,  0, 14, 20),
   ( 587,  0, 11, 20), ( 599,  0, 13, 20), ( 613,  0, 13, 20), ( 627,  0, 14, 20),
   ( 642,  0, 17, 20), ( 660,  0, 14, 20), ( 675,  0, 14, 20), ( 690,  0, 13, 20),
   ( 704,  0, 11, 20), ( 716,  0, 11, 20), ( 728,  0, 13, 20), ( 742,  0, 12, 20),
   ( 755,  0, 13, 20), ( 769,  0, 12, 20), ( 782,  0, 13, 20), ( 796,  0, 12, 20),
   ( 809,  0, 13, 20), ( 823,  0, 13, 20), ( 837,  0, 13, 20), ( 851,  0, 11, 20),
   ( 863,  0, 12, 20), ( 876,  0,  9, 20), ( 886,  0, 16, 20), ( 903,  0, 15, 20),
   ( 919,  0, 12, 20), ( 932,  0, 18, 20), ( 951,  0, 13, 20), ( 965,  0, 14, 20),
   ( 980,  0, 13, 20), ( 994,  0, 12, 20), (1007,  0, 12, 20), (1020,  0, 13, 20),
   (1034,  0, 13, 20), (1048,  0, 11, 20), (1060,  0, 10, 20), (1071,  0, 12, 20),
   (1084,  0,  9, 20), (1094,  0,  9, 20), (1104,  0,  9, 20), (1114,  0,  9, 20),
   (1124,  0, 12, 20), (1137,  0, 12, 20), (1150,  0, 13, 20), (1164,  0,  9, 20),
   (1174,  0,  9, 20), (1184,  0, 12, 20), (1197,  0, 11, 20), (1209,  0, 11, 20),
   (1221,  0, 11, 20));

Define OffsetList
 ( (-3, 0), (-3, 0), (-3, 0), (-3, 0), (-3, 0), (-3, 0), (-3, 0), (-3, 0),
   (-3, 0), (-4, 0), (-3, 0), (-3, 0), (-3, 0), (-3, 0), (-3, 0), (-3, 0),
   (-3, 0), (-3, 0), (-3, 0), (-3, 0), (-3, 0), (-3, 0), (-3, 0), (-3, 0),
   (-3, 0), (-3, 0), (-3, 0), (-3, 0), (-3, 0), (-3, 0), (-3, 0), (-3, 0),
   (-3, 0), (-3, 0), (-3, 0), (-4, 0), (-3, 0), (-3, 0), (-3, 0), (-3, 0),
   (-3, 0), (-3, 0), (-3, 0), (-3, 0), (-3, 0), (-3, 0), (-3, 0), (-3, 0),
   (-3, 0), (-3, 0), (-3, 0), (-3, 0), (-3, 0), (-3, 0), (-3, 0), (-3, 0),
   (-3, 0), (-3, 0), (-3, 0), (-3, 0), (-3, 0), (-3, 0), (-3, 0), (-3, 0),
   (-3, 0), (-3, 0), (-3, 0), (-3, 0), (-3, 0), (-3, 0), (-3, 0), (-3, 0),
   (-3, 0), (-3, 0), (-4, 0), (-4, 0), (-3, 0), (-3, 0), (-3, 0), (-3, 0),
   (-3, 0), (-3, 0), (-3, 0), (-3, 0), (-3, 0), (-3, 0), (-4, 0), (-3, 0),
   (-3, 0), (-3, 0), (-3, 0), (-3, 0), (-3, 0));

CreateLayer               Main;
LayerSetImage             Main 'DwarvenTodcraft12';
LayerSetAscent            Main 15;
LayerSetCharWidths        Main CharList WidthList;
LayerSetCharWidths        Main (' ') (2);
LayerSetImageMap          Main CharList RectList;
LayerSetCharOffsets       Main CharList OffsetList;
LayerSetAscentPadding     Main 0;
LayerSetLineSpacingOffset Main 1;
LayerSetPointSize         Main 12;

SetDefaultPointSize  12;
