Define CharList
 ( 'a', 'b', 'c', 'd', 'e', 'f', 'g', 'h', 'i', 'j', 'k', 'l', 'm', 'n', 'o', 'p',
   'q', 'r', 's', 't', 'u', 'v', 'w', 'x', 'y', 'z','\\', 'n', 'A', 'B', 'C', 'D',
   'E', 'F', 'G', 'H', 'I', 'J', 'K', 'L', 'M', 'N', 'O', 'P', 'Q', 'R', 'S', 'T',
   'U', 'V', 'W', 'X', 'Y', 'Z','\\', 'n', '`', '1', '2', '3', '4', '5', '6', '7',
   '8', '9', '0', '-', '=', '!', '@', '#', '$', '%', '^', '&', '*', '(', ')', '_',
   '+','\\', 'n', '[', ']','\\', ';',"'", ',', '.', '/', '{', '}', '|', ':', '"',
   '<', '>', '?');

Define WidthList
 (  14,  15,  13,  15,  14,  10,  15,  15,   7,   7,  14,   7,  22,  15,  15,  14,
    15,  11,  11,  11,  15,  15,  21,  15,  15,  14,  13,  15,  17,  15,  13,  17,
    15,  13,  17,  17,   7,   7,  17,  13,  20,  17,  18,  15,  18,  16,  12,  15,
    17,  17,  25,  18,  17,  15,  13,  15,  13,  10,  15,  14,  16,  14,  16,  14,
    16,  15,  17,  10,  13,   8,  24,  19,  12,  27,  16,  19,  15,  11,  11,  12,
    16,  13,  15,  11,  11,  13,   7,   8,   7,   7,  13,  12,  12,   8,   7,  14,
    11,  11,  12);

Define RectList
 ( (   0,  0, 20, 45), (  21,  0, 21, 45), (  43,  0, 19, 45), (  63,  0, 20, 45),
   (  84,  0, 20, 45), ( 105,  0, 17, 45), ( 123,  0, 20, 45), ( 144,  0, 20, 45),
   ( 165,  0, 13, 45), ( 179,  0, 15, 45), ( 195,  0, 21, 45), ( 217,  0, 12, 45),
   ( 230,  0, 28, 45), ( 259,  0, 20, 45), ( 280,  0, 21, 45), ( 302,  0, 20, 45),
   ( 323,  0, 20, 45), ( 344,  0, 17, 45), ( 362,  0, 17, 45), ( 380,  0, 17, 45),
   ( 398,  0, 20, 45), ( 419,  0, 21, 45), ( 441,  0, 27, 45), ( 469,  0, 21, 45),
   ( 491,  0, 22, 45), ( 514,  0, 20, 45), ( 535,  0, 20, 45), ( 556,  0, 20, 45),
   ( 577,  0, 23, 45), ( 601,  0, 21, 45), ( 623,  0, 19, 45), ( 643,  0, 23, 45),
   ( 667,  0, 20, 45), ( 688,  0, 18, 45), ( 707,  0, 22, 45), ( 730,  0, 22, 45),
   ( 753,  0, 12, 45), ( 766,  0, 16, 45), ( 783,  0, 23, 45), ( 807,  0, 20, 45),
   ( 828,  0, 26, 45), ( 855,  0, 22, 45), ( 878,  0, 24, 45), ( 903,  0, 21, 45),
   ( 925,  0, 24, 45), ( 950,  0, 23, 45), ( 974,  0, 18, 45), ( 993,  0, 21, 45),
   (1015,  0, 22, 45), (1038,  0, 23, 45), (1062,  0, 32, 45), (1095,  0, 24, 45),
   (1120,  0, 23, 45), (1144,  0, 21, 45), (1166,  0, 20, 45), (1187,  0, 20, 45),
   (1208,  0, 16, 45), (1225,  0, 16, 45), (1242,  0, 21, 45), (1264,  0, 21, 45),
   (1286,  0, 22, 45), (1309,  0, 19, 45), (1329,  0, 22, 45), (1352,  0, 20, 45),
   (1373,  0, 22, 45), (1396,  0, 21, 45), (1418,  0, 23, 45), (1442,  0, 16, 45),
   (1459,  0, 19, 45), (1479,  0, 13, 45), (1493,  0, 30, 45), (1524,  0, 25, 45),
   (1550,  0, 18, 45), (1569,  0, 33, 45), (1603,  0, 22, 45), (1626,  0, 25, 45),
   (1652,  0, 21, 45), (1674,  0, 18, 45), (1693,  0, 19, 45), (1713,  0, 20, 45),
   (1734,  0, 22, 45), (1757,  0, 20, 45), (1778,  0, 20, 45), (1799,  0, 16, 45),
   (1816,  0, 16, 45), (1833,  0, 20, 45), (1854,  0, 13, 45), (1868,  0, 13, 45),
   (1882,  0, 13, 45), (1896,  0, 13, 45), (1910,  0, 20, 45), (1931,  0, 19, 45),
   (1951,  0, 19, 45), (1971,  0, 12, 45), (1984,  0, 13, 45), (1998,  0, 19, 45),
   (2018,  0, 17, 45), (2036,  0, 17, 45), (2054,  0, 18, 45));

Define OffsetList
 ( (-3, 0), (-3, 0), (-3, 0), (-3, 0), (-3, 0), (-3, 0), (-3, 0), (-3, 0),
   (-3, 0), (-6, 0), (-3, 0), (-2, 0), (-3, 0), (-3, 0), (-3, 0), (-3, 0),
   (-3, 0), (-3, 0), (-3, 0), (-3, 0), (-3, 0), (-3, 0), (-3, 0), (-3, 0),
   (-3, 0), (-3, 0), (-3, 0), (-3, 0), (-3, 0), (-3, 0), (-3, 0), (-3, 0),
   (-3, 0), (-3, 0), (-3, 0), (-3, 0), (-2, 0), (-6, 0), (-3, 0), (-3, 0),
   (-3, 0), (-3, 0), (-3, 0), (-3, 0), (-3, 0), (-3, 0), (-3, 0), (-3, 0),
   (-3, 0), (-3, 0), (-3, 0), (-3, 0), (-3, 0), (-3, 0), (-3, 0), (-3, 0),
   (-2, 0), (-3, 0), (-3, 0), (-4, 0), (-3, 0), (-3, 0), (-3, 0), (-3, 0),
   (-3, 0), (-3, 0), (-3, 0), (-3, 0), (-3, 0), (-3, 0), (-3, 0), (-3, 0),
   (-3, 0), (-3, 0), (-3, 0), (-3, 0), (-3, 0), (-3, 0), (-5, 0), (-4, 0),
   (-3, 0), (-3, 0), (-3, 0), (-2, 0), (-3, 0), (-3, 0), (-3, 0), (-3, 0),
   (-3, 0), (-3, 0), (-3, 0), (-3, 0), (-4, 0), (-2, 0), (-3, 0), (-3, 0),
   (-3, 0), (-3, 0), (-3, 0));

CreateLayer               Outline;
LayerSetImage             Outline 'HouseofTerror28Outline';
LayerSetAscent            Outline 34;
LayerSetCharWidths        Outline CharList WidthList;
LayerSetCharWidths        Outline (' ') (6);
LayerSetImageMap          Outline CharList RectList;
LayerSetCharOffsets       Outline CharList OffsetList;
LayerSetAscentPadding     Outline 0;
LayerSetLineSpacingOffset Outline 0;
LayerSetPointSize         Outline 28;

CreateLayer               Main;
LayerSetImage             Main 'HouseofTerror28';
LayerSetAscent            Main 34;
LayerSetCharWidths        Main CharList WidthList;
LayerSetCharWidths        Main (' ') (6);
LayerSetImageMap          Main CharList RectList;
LayerSetCharOffsets       Main CharList OffsetList;
LayerSetAscentPadding     Main 0;
LayerSetLineSpacingOffset Main 0;
LayerSetPointSize         Main 28;

SetDefaultPointSize  28;
