Define CharList
 ( 'a', 'b', 'c', 'd', 'e', 'f', 'g', 'h', 'i', 'j', 'k', 'l', 'm', 'n', 'o', 'p',
   'q', 'r', 's', 't', 'u', 'v', 'w', 'x', 'y', 'z','\\', 'n', 'A', 'B', 'C', 'D',
   'E', 'F', 'G', 'H', 'I', 'J', 'K', 'L', 'M', 'N', 'O', 'P', 'Q', 'R', 'S', 'T',
   'U', 'V', 'W', 'X', 'Y', 'Z','\\', 'n', '`', '1', '2', '3', '4', '5', '6', '7',
   '8', '9', '0', '-', '=', '!', '@', '#', '$', '%', '^', '&', '*', '(', ')', '_',
   '+','\\', 'n', '[', ']','\\', ';',"'", ',', '.', '/', '{', '}', '|', ':', '"',
   '<', '>', '?');

Define WidthList
 (  11,  12,  10,  11,  11,   8,  11,  11,   5,   5,  11,   6,  17,  12,  12,  11,
    11,   9,   9,   9,  12,  11,  16,  12,  12,  11,  10,  12,  13,  12,  11,  13,
    12,  10,  13,  13,   6,   6,  13,  10,  16,  13,  14,  12,  14,  13,  10,  12,
    13,  13,  20,  14,  13,  12,  10,  12,  10,   8,  12,  11,  12,  11,  12,  11,
    13,  11,  13,   8,  11,   6,  19,  15,  10,  21,  13,  15,  12,   9,   9,  10,
    12,  10,  12,   8,   8,  10,   6,   6,   6,   6,  10,  10,  10,   7,   6,  11,
     9,   9,   9);

Define RectList
 ( (   0,  0, 17, 32), (  18,  0, 18, 32), (  37,  0, 16, 32), (  54,  0, 17, 32),
   (  72,  0, 17, 32), (  90,  0, 15, 32), ( 106,  0, 17, 32), ( 124,  0, 17, 32),
   ( 142,  0, 12, 32), ( 155,  0, 13, 32), ( 169,  0, 18, 32), ( 188,  0, 11, 32),
   ( 200,  0, 23, 32), ( 224,  0, 17, 32), ( 242,  0, 18, 32), ( 261,  0, 17, 32),
   ( 279,  0, 17, 32), ( 297,  0, 15, 32), ( 313,  0, 15, 32), ( 329,  0, 14, 32),
   ( 344,  0, 17, 32), ( 362,  0, 18, 32), ( 381,  0, 23, 32), ( 405,  0, 18, 32),
   ( 424,  0, 18, 32), ( 443,  0, 17, 32), ( 461,  0, 17, 32), ( 479,  0, 17, 32),
   ( 497,  0, 20, 32), ( 518,  0, 18, 32), ( 537,  0, 16, 32), ( 554,  0, 19, 32),
   ( 574,  0, 17, 32), ( 592,  0, 16, 32), ( 609,  0, 19, 32), ( 629,  0, 19, 32),
   ( 649,  0, 12, 32), ( 662,  0, 13, 32), ( 676,  0, 20, 32), ( 697,  0, 17, 32),
   ( 715,  0, 22, 32), ( 738,  0, 19, 32), ( 758,  0, 20, 32), ( 779,  0, 18, 32),
   ( 798,  0, 20, 32), ( 819,  0, 19, 32), ( 839,  0, 15, 32), ( 855,  0, 18, 32),
   ( 874,  0, 19, 32), ( 894,  0, 19, 32), ( 914,  0, 26, 32), ( 941,  0, 20, 32),
   ( 962,  0, 20, 32), ( 983,  0, 17, 32), (1001,  0, 17, 32), (1019,  0, 17, 32),
   (1037,  0, 14, 32), (1052,  0, 14, 32), (1067,  0, 18, 32), (1086,  0, 18, 32),
   (1105,  0, 18, 32), (1124,  0, 16, 32), (1141,  0, 18, 32), (1160,  0, 17, 32),
   (1178,  0, 18, 32), (1197,  0, 18, 32), (1216,  0, 19, 32), (1236,  0, 14, 32),
   (1251,  0, 17, 32), (1269,  0, 12, 32), (1282,  0, 25, 32), (1308,  0, 21, 32),
   (1330,  0, 16, 32), (1347,  0, 27, 32), (1375,  0, 19, 32), (1395,  0, 21, 32),
   (1417,  0, 18, 32), (1436,  0, 16, 32), (1453,  0, 16, 32), (1470,  0, 17, 32),
   (1488,  0, 19, 32), (1508,  0, 17, 32), (1526,  0, 17, 32), (1544,  0, 14, 32),
   (1559,  0, 14, 32), (1574,  0, 17, 32), (1592,  0, 12, 32), (1605,  0, 11, 32),
   (1617,  0, 12, 32), (1630,  0, 12, 32), (1643,  0, 17, 32), (1661,  0, 16, 32),
   (1678,  0, 17, 32), (1696,  0, 11, 32), (1708,  0, 12, 32), (1721,  0, 17, 32),
   (1739,  0, 15, 32), (1755,  0, 15, 32), (1771,  0, 15, 32));

Define OffsetList
 ( (-3, 0), (-3, 0), (-3, 0), (-3, 0), (-3, 0), (-3, 0), (-3, 0), (-3, 0),
   (-3, 0), (-5, 0), (-3, 0), (-3, 0), (-3, 0), (-3, 0), (-3, 0), (-3, 0),
   (-3, 0), (-3, 0), (-3, 0), (-3, 0), (-3, 0), (-3, 0), (-3, 0), (-3, 0),
   (-3, 0), (-3, 0), (-3, 0), (-3, 0), (-3, 0), (-3, 0), (-3, 0), (-3, 0),
   (-3, 0), (-3, 0), (-3, 0), (-3, 0), (-3, 0), (-5, 0), (-3, 0), (-3, 0),
   (-3, 0), (-3, 0), (-3, 0), (-3, 0), (-3, 0), (-3, 0), (-3, 0), (-3, 0),
   (-3, 0), (-3, 0), (-3, 0), (-3, 0), (-3, 0), (-3, 0), (-3, 0), (-3, 0),
   (-2, 0), (-3, 0), (-3, 0), (-4, 0), (-3, 0), (-3, 0), (-3, 0), (-3, 0),
   (-3, 0), (-3, 0), (-3, 0), (-3, 0), (-3, 0), (-3, 0), (-3, 0), (-3, 0),
   (-3, 0), (-3, 0), (-3, 0), (-3, 0), (-3, 0), (-3, 0), (-4, 0), (-4, 0),
   (-3, 0), (-3, 0), (-3, 0), (-3, 0), (-3, 0), (-3, 0), (-3, 0), (-3, 0),
   (-3, 0), (-3, 0), (-3, 0), (-3, 0), (-4, 0), (-2, 0), (-3, 0), (-3, 0),
   (-3, 0), (-3, 0), (-3, 0));

CreateLayer               Outline;
LayerSetImage             Outline 'HouseofTerror20Outline';
LayerSetAscent            Outline 26;
LayerSetCharWidths        Outline CharList WidthList;
LayerSetCharWidths        Outline (' ') (4);
LayerSetImageMap          Outline CharList RectList;
LayerSetCharOffsets       Outline CharList OffsetList;
LayerSetAscentPadding     Outline 0;
LayerSetLineSpacingOffset Outline 0;
LayerSetPointSize         Outline 22;

CreateLayer               Main;
LayerSetImage             Main 'HouseofTerror20';
LayerSetAscent            Main 26;
LayerSetCharWidths        Main CharList WidthList;
LayerSetCharWidths        Main (' ') (4);
LayerSetImageMap          Main CharList RectList;
LayerSetCharOffsets       Main CharList OffsetList;
LayerSetAscentPadding     Main 0;
LayerSetLineSpacingOffset Main 0;
LayerSetPointSize         Main 22;

SetDefaultPointSize  22;
