Define CharList
 ( 'a', 'b', 'c', 'd', 'e', 'f', 'g', 'h', 'i', 'j', 'k', 'l', 'm', 'n', 'o', 'p',
   'q', 'r', 's', 't', 'u', 'v', 'w', 'x', 'y', 'z','\\', 'n', 'A', 'B', 'C', 'D',
   'E', 'F', 'G', 'H', 'I', 'J', 'K', 'L', 'M', 'N', 'O', 'P', 'Q', 'R', 'S', 'T',
   'U', 'V', 'W', 'X', 'Y', 'Z','\\', 'n', '`', '1', '2', '3', '4', '5', '6', '7',
   '8', '9', '0', '-', '=', '!', '@', '#', '$', '%', '^', '&', '*', '(', ')', '_',
   '+','\\', 'n', '[', ']','\\', ';',"'", ',', '.', '/', '{', '}', '|', ':', '"',
   '<', '>', '?');

Define WidthList
 (   8,   8,   7,   8,   8,   6,   8,   8,   4,   4,   8,   4,  13,   8,   9,   8,
     8,   6,   7,   6,   8,   8,  12,   8,   9,   8,   7,   8,  10,   9,   8,  10,
     8,   7,  10,   9,   4,   4,  10,   8,  11,  10,  10,   8,  10,   9,   7,   8,
     9,   9,  14,  10,  10,   8,   7,   8,   7,   6,   8,   8,   9,   8,   9,   8,
     9,   8,  10,   6,   8,   4,  14,  11,   7,  15,   9,  11,   8,   6,   6,   7,
     9,   7,   8,   6,   6,   7,   4,   4,   4,   4,   7,   7,   7,   5,   4,   8,
     6,   6,   7);

Define RectList
 ( (   0,  0, 14, 26), (  15,  0, 15, 26), (  31,  0, 13, 26), (  45,  0, 14, 26),
   (  60,  0, 14, 26), (  75,  0, 12, 26), (  88,  0, 14, 26), ( 103,  0, 14, 26),
   ( 118,  0, 10, 26), ( 129,  0, 12, 26), ( 142,  0, 15, 26), ( 158,  0, 10, 26),
   ( 169,  0, 18, 26), ( 188,  0, 14, 26), ( 203,  0, 15, 26), ( 219,  0, 14, 26),
   ( 234,  0, 14, 26), ( 249,  0, 13, 26), ( 263,  0, 13, 26), ( 277,  0, 12, 26),
   ( 290,  0, 14, 26), ( 305,  0, 15, 26), ( 321,  0, 18, 26), ( 340,  0, 15, 26),
   ( 356,  0, 15, 26), ( 372,  0, 14, 26), ( 387,  0, 14, 26), ( 402,  0, 14, 26),
   ( 417,  0, 16, 26), ( 434,  0, 15, 26), ( 450,  0, 14, 26), ( 465,  0, 16, 26),
   ( 482,  0, 14, 26), ( 497,  0, 13, 26), ( 511,  0, 15, 26), ( 527,  0, 15, 26),
   ( 543,  0, 10, 26), ( 554,  0, 12, 26), ( 567,  0, 16, 26), ( 584,  0, 14, 26),
   ( 599,  0, 17, 26), ( 617,  0, 15, 26), ( 633,  0, 16, 26), ( 650,  0, 15, 26),
   ( 666,  0, 16, 26), ( 683,  0, 16, 26), ( 700,  0, 13, 26), ( 714,  0, 15, 26),
   ( 730,  0, 15, 26), ( 746,  0, 16, 26), ( 763,  0, 21, 26), ( 785,  0, 16, 26),
   ( 802,  0, 16, 26), ( 819,  0, 14, 26), ( 834,  0, 14, 26), ( 849,  0, 14, 26),
   ( 864,  0, 12, 26), ( 877,  0, 12, 26), ( 890,  0, 15, 26), ( 906,  0, 14, 26),
   ( 921,  0, 15, 26), ( 937,  0, 14, 26), ( 952,  0, 15, 26), ( 968,  0, 14, 26),
   ( 983,  0, 15, 26), ( 999,  0, 15, 26), (1015,  0, 16, 26), (1032,  0, 12, 26),
   (1045,  0, 14, 26), (1060,  0, 10, 26), (1071,  0, 20, 26), (1092,  0, 17, 26),
   (1110,  0, 13, 26), (1124,  0, 22, 26), (1147,  0, 15, 26), (1163,  0, 17, 26),
   (1181,  0, 15, 26), (1197,  0, 13, 26), (1211,  0, 14, 26), (1226,  0, 15, 26),
   (1242,  0, 15, 26), (1258,  0, 14, 26), (1273,  0, 14, 26), (1288,  0, 12, 26),
   (1301,  0, 12, 26), (1314,  0, 14, 26), (1329,  0, 10, 26), (1340,  0, 10, 26),
   (1351,  0, 10, 26), (1362,  0, 10, 26), (1373,  0, 14, 26), (1388,  0, 13, 26),
   (1402,  0, 14, 26), (1417,  0,  9, 26), (1427,  0, 10, 26), (1438,  0, 14, 26),
   (1453,  0, 13, 26), (1467,  0, 13, 26), (1481,  0, 13, 26));

Define OffsetList
 ( (-3, 0), (-3, 0), (-3, 0), (-3, 0), (-3, 0), (-3, 0), (-3, 0), (-3, 0),
   (-3, 0), (-5, 0), (-3, 0), (-3, 0), (-3, 0), (-3, 0), (-3, 0), (-3, 0),
   (-3, 0), (-3, 0), (-3, 0), (-3, 0), (-3, 0), (-3, 0), (-3, 0), (-3, 0),
   (-3, 0), (-3, 0), (-3, 0), (-3, 0), (-3, 0), (-3, 0), (-3, 0), (-3, 0),
   (-3, 0), (-3, 0), (-3, 0), (-3, 0), (-3, 0), (-5, 0), (-3, 0), (-3, 0),
   (-3, 0), (-3, 0), (-3, 0), (-3, 0), (-3, 0), (-3, 0), (-3, 0), (-3, 0),
   (-3, 0), (-3, 0), (-3, 0), (-3, 0), (-3, 0), (-3, 0), (-3, 0), (-3, 0),
   (-2, 0), (-3, 0), (-3, 0), (-3, 0), (-3, 0), (-3, 0), (-3, 0), (-3, 0),
   (-3, 0), (-3, 0), (-3, 0), (-3, 0), (-3, 0), (-3, 0), (-3, 0), (-3, 0),
   (-3, 0), (-3, 0), (-3, 0), (-3, 0), (-3, 0), (-3, 0), (-4, 0), (-4, 0),
   (-3, 0), (-3, 0), (-3, 0), (-3, 0), (-3, 0), (-3, 0), (-3, 0), (-3, 0),
   (-3, 0), (-3, 0), (-3, 0), (-3, 0), (-4, 0), (-2, 0), (-3, 0), (-3, 0),
   (-3, 0), (-3, 0), (-3, 0));

CreateLayer               Outline;
LayerSetImage             Outline 'HouseofTerror16Outline';
LayerSetAscent            Outline 19;
LayerSetCharWidths        Outline CharList WidthList;
LayerSetCharWidths        Outline (' ') (3);
LayerSetImageMap          Outline CharList RectList;
LayerSetCharOffsets       Outline CharList OffsetList;
LayerSetAscentPadding     Outline 0;
LayerSetLineSpacingOffset Outline 0;
LayerSetPointSize         Outline 16;

CreateLayer               Main;
LayerSetImage             Main 'HouseofTerror16';
LayerSetAscent            Main 19;
LayerSetCharWidths        Main CharList WidthList;
LayerSetCharWidths        Main (' ') (3);
LayerSetImageMap          Main CharList RectList;
LayerSetCharOffsets       Main CharList OffsetList;
LayerSetAscentPadding     Main 0;
LayerSetLineSpacingOffset Main 0;
LayerSetPointSize         Main 16;

SetDefaultPointSize  16;
